ATTENUAZIONE ENERGIA COLONNE 

ampiezza= 199.458525531 +- 1.6708806063  mV
lambda= 809.772888685 +- 263.024811092  cm
correlazione= -0.930056415543 

chi quadro= 7.8982213651 +- 1.41421356237
p_value= 0.00494834311063 

