ATTENUAZIONE ENERGIA COLONNE 

ampiezza= 219.246452863 +- 1.2833742557  mV
lambda= 632.276588237 +- 112.237929148  cm
correlazione= -0.92982909388 

chi quadro= 4.5381433921 +- 1.41421356237
p_value= 0.0331475254911 

