ATTENUAZIONE ENERGIA COLONNE 

ampiezza= 386.170935519 +- 15.0131131309  mV
lambda= 38.5324395824 +- 3.70450810637  cm
correlazione= -0.918105722841 

chi quadro= 4.57883361737 +- 1.41421356237
p_value= 0.0323692409861 

