MEDIA PER COLONNE 

ampiezza= 634.99521509 +- 26.4425770636
lambda= 123.395650131 +- 35.5694991274  cm
correlazione= -0.78481582155 

chi quadro= 12.0330090484 +- 1.41421356237
p_value= 0.00243817730688
