MEDIA PER COLONNE 

ampiezza= 643.30528627 +- 21.7404776151
lambda= 128.811784123 +- 27.8418149112  cm
correlazione= -0.803023449973 

chi quadro= 7.33253502959 +- 1.41421356237
p_value= 0.0255717381769 

