MEDIA PER COLONNE 

ampiezza= 636.838524647 +- 25.4413081592
lambda= 117.967418217 +- 32.0351520145  cm
correlazione= -0.789004603039 

chi quadro= 10.8859405451 +- 1.41421356237
p_value= 0.00432661294643 

