MEDIA PER COLONNE 

ampiezza= 639.906972348 +- 23.7818480949
lambda= 122.375292977 +- 30.0178874744  cm
correlazione= -0.795857610322 

chi quadro= 9.15179062665 +- 1.41421356237
p_value= 0.0102970759405 

